{
    "BG": {
        "Level0": 0.0,
        "Level1": 35.0,
        "Level2": 55.0,
        "Level3": 80.0,
        "Level4": 110.0,
        "Level5": 145.0,
        "Level6": 285.0,
        "Level7": 430.0
    },
    "Chara": {
        "Level0": 0.0,
        "Level1": 15.0,
        "Level2": 25.0,
        "Level3": 1.8446742974197924e+19,
        "Level4": 1.8446742974197924e+19,
        "Level5": 1.8446742974197924e+19,
        "Level6": 1.8446742974197924e+19,
        "Level7": 1.8446742974197924e+19
    }
}