{
    "G2DirectionalLight": {
        "foregroundBackColorB": 1.0,
        "foregroundBackColorG": 1.0,
        "foregroundBackColorR": 1.0,
        "foregroundBasis": 1.0,
        "foregroundBorder": 0.0,
        "foregroundInfluence": 0.0,
        "foregroundShadowDensity": 0.8999999761581421,
        "lightColorB": 1.0,
        "lightColorG": 1.0,
        "lightColorR": 1.0,
        "lightDirectionX": -0.03177483007311821,
        "lightDirectionY": -0.7534993290901184,
        "lightDirectionZ": -0.6566799283027649,
        "lightIntensity": 3.0,
        "perspectiveDistance": 300.0
    },
    "G2RendererGlobals": {
        "_ctl_a0_val": 0.0,
        "_ctl_a1_val": 0.16666670143604279,
        "_ctl_a2_val": 0.3333333134651184,
        "_ctl_a3_val": 0.5,
        "_ctl_a4_val": 0.6666666865348816,
        "_ctl_a5_val": 0.8333333730697632,
        "_ctl_a6_val": 1.0,
        "_ctl_b0_val": 0.0,
        "_ctl_b1_val": 0.16666670143604279,
        "_ctl_b2_val": 0.3333333134651184,
        "_ctl_b3_val": 0.5,
        "_ctl_b4_val": 0.6666666865348816,
        "_ctl_b5_val": 0.8333333730697632,
        "_ctl_b6_val": 1.0,
        "_ctl_g0_val": 0.0,
        "_ctl_g1_val": 0.16666670143604279,
        "_ctl_g2_val": 0.3333333134651184,
        "_ctl_g3_val": 0.5,
        "_ctl_g4_val": 0.6666666865348816,
        "_ctl_g5_val": 0.8333333730697632,
        "_ctl_g6_val": 1.0,
        "_ctl_r0_val": 0.0,
        "_ctl_r1_val": 0.16666670143604279,
        "_ctl_r2_val": 0.3333333134651184,
        "_ctl_r3_val": 0.5,
        "_ctl_r4_val": 0.6666666865348816,
        "_ctl_r5_val": 0.8333333730697632,
        "_ctl_r6_val": 1.0,
        "bloom_compositeColorB": 1.0,
        "bloom_compositeColorG": 1.0,
        "bloom_compositeColorR": 1.0,
        "bloom_compositeIntensity": 0.30000001192092896,
        "bloom_filterLuminanceHi": 1.1958039999008179,
        "bloom_filterLuminanceLo": 0.8951048851013184,
        "contourBlend": 0.0,
        "contourColorB": 0.0,
        "contourColorG": 0.0,
        "contourColorR": 0.0,
        "exposureAdaptionRange": 0.0,
        "exposureAdaptionSpeed": 1.0,
        "exposureIntensity": 0.0,
        "fogAlpha": 1.0,
        "fogColorB": 0.0,
        "fogColorG": 0.0,
        "fogColorR": 0.0,
        "fogDensity": 0.0,
        "fogIntensity": 0.0,
        "fogScattering": 0.10000000149011612,
        "gradationContour": 0.20000000298023224,
        "gradationFar": 800.0,
        "gradationHiB": 1.0,
        "gradationHiG": 1.0,
        "gradationHiR": 1.0,
        "gradationLwB": 1.0,
        "gradationLwG": 1.0,
        "gradationLwR": 1.0,
        "gradationMdB": 1.0,
        "gradationMdG": 1.0,
        "gradationMdR": 1.0,
        "gradationNear": 500.0,
        "iblIntensity": 1.0,
        "ssaoIntensity": 0.8018648028373718,
        "toning": 0.0
    }
}