{
    "G2AmbientLight": {
        "backColorB": 0.6211184859275818,
        "backColorG": 0.6816663146018982,
        "backColorR": 0.774441123008728,
        "colorRange": 1.0,
        "colorSmooth": 0.0,
        "foregroundInfluence": 0.20000000298023224,
        "lightDirectionX": 0.0,
        "lightDirectionY": 0.0,
        "lightDirectionZ": -1.0,
        "lightIntensity": 1.0,
        "skyColorB": 0.5789424777030945,
        "skyColorG": 0.5675898194313049,
        "skyColorR": 0.4886397123336792
    },
    "G2DirectionalLight": {
        "foregroundBasis": 10.5,
        "foregroundBorder": 0.0,
        "foregroundInfluence": 0.4000000059604645,
        "lightColorB": 0.800000011920929,
        "lightColorG": 0.9292666912078857,
        "lightColorR": 1.0,
        "lightDirectionX": 0.25818660855293274,
        "lightDirectionY": -0.83155757188797,
        "lightDirectionZ": -0.491784006357193,
        "lightIntensity": 1.556535005569458,
        "shadowDensity": 0.8999999761581421,
        "specularIntensity": 1.0,
        "translucentDistortion": 1.0,
        "translucentPower": 0.20000000298023224
    },
    "G2RendererGlobals": {
        "backgroundColorB": 0.5,
        "backgroundColorG": 0.5,
        "backgroundColorR": 0.5,
        "bloom_compositeColorB": 0.8982229232788086,
        "bloom_compositeColorG": 0.8949918746948242,
        "bloom_compositeColorR": 0.8287559747695923,
        "bloom_compositeIntensity": 1.0,
        "bloom_correctionColor": 2.200000047683716,
        "bloom_correctionDepth": 20.0,
        "bloom_correctionFar": 0.0,
        "bloom_correctionFarHi": 1.0,
        "bloom_correctionFarLo": 0.0,
        "bloom_correctionNear": 0.0,
        "bloom_correctionNearHi": 1.0,
        "bloom_correctionNearLo": 0.0,
        "bloom_dispersionHi": 1.0,
        "bloom_dispersionLo": 0.0,
        "bloom_feedback": 0.20000000298023224,
        "bloom_filterColorHiB": 0.0,
        "bloom_filterColorHiG": 0.0,
        "bloom_filterColorHiR": 0.0,
        "bloom_filterColorLoB": 0.0,
        "bloom_filterColorLoG": 0.0,
        "bloom_filterColorLoR": 0.0,
        "bloom_filterLuminanceHi": 2.0,
        "bloom_filterLuminanceLo": 0.4000000059604645,
        "cbBias": -0.019999999552965164,
        "cbcrOffset": -0.4000000059604645,
        "cbcrRange": 0.019999999552965164,
        "contourBlend": 0.0,
        "contourColorB": 0.0,
        "contourColorG": 0.0,
        "contourColorR": 0.0,
        "contourCurveAmplitude": 0.09401710331439972,
        "contourCurveCycle": 0.5299146175384521,
        "contourCurveRange": 0.5726495981216431,
        "contourDetail": 1.0,
        "contourIntensity": 0.6000000238418579,
        "crBias": 0.029999999329447746,
        "curvatureBlend": 0.6000000238418579,
        "curvatureDarken": 0.30000001192092896,
        "curvatureLighten": 0.20000000298023224,
        "fogFar": 10.0,
        "fogFrequency": 0.0,
        "fogIntensity": 0.18000000715255737,
        "fogScattering": 0.0,
        "fogVelocity": 0.0,
        "gradationContour": 0.0,
        "gradationFar": 1000.0,
        "gradationNear": 0.0,
        "iblIntensity": 1.0,
        "metallic": 0.30000001192092896,
        "scatterColorB": 0.0,
        "scatterColorG": 0.0,
        "scatterColorR": 0.0,
        "specularBlend": 0.5,
        "specularToning": 17.0,
        "ssaoIntensity": 0.800000011920929,
        "toneColorScale": 1.0,
        "toning": 0.8999999761581421
    }
}