{
    "G2DirectionalLight": {
        "foregroundBackColorB": 1.0,
        "foregroundBackColorG": 1.0,
        "foregroundBackColorR": 1.0,
        "foregroundBasis": 10.0,
        "foregroundBorder": 0.0,
        "foregroundInfluence": 0.47826087474823,
        "foregroundShadowDensity": 0.8999999761581421,
        "lightColorB": 0.48512712121009827,
        "lightColorG": 0.7837405204772949,
        "lightColorR": 0.9069767594337463,
        "lightDirectionX": -0.20104101300239563,
        "lightDirectionY": -0.9789621829986572,
        "lightDirectionZ": 0.03486412391066551,
        "lightIntensity": 7.469879627227783
    }
}