{
    "G2DirectionalLight": {
        "foregroundBackColorB": 0.800000011920929,
        "foregroundBackColorG": 0.6391422748565674,
        "foregroundBackColorR": 0.5703999996185303,
        "foregroundBasis": 2.0,
        "foregroundBorder": 0.0,
        "foregroundInfluence": 0.699999988079071,
        "lightColorB": 0.4909999966621399,
        "lightColorG": 0.5458362698554993,
        "lightColorR": 1.0,
        "lightDirectionX": 0.805112361907959,
        "lightDirectionY": -0.5877292156219482,
        "lightDirectionZ": 0.07980223745107651,
        "lightIntensity": 2.0
    },
    "G2RendererGlobals": {
        "_ctl_a0_val": 0.0,
        "_ctl_a1_val": 0.11538461595773697,
        "_ctl_a2_val": 0.375,
        "_ctl_a3_val": 0.5,
        "_ctl_a4_val": 0.6057692170143127,
        "_ctl_a5_val": 0.8557692170143127,
        "_ctl_a6_val": 1.0,
        "_ctl_b0_val": 0.0,
        "_ctl_b1_val": 0.20192307233810425,
        "_ctl_b2_val": 0.3333333432674408,
        "_ctl_b3_val": 0.5,
        "_ctl_b4_val": 0.5961538553237915,
        "_ctl_b5_val": 0.692307710647583,
        "_ctl_b6_val": 1.0,
        "_ctl_g0_val": 0.0,
        "_ctl_g1_val": 0.19230769574642181,
        "_ctl_g2_val": 0.3333333432674408,
        "_ctl_g3_val": 0.5,
        "_ctl_g4_val": 0.6057692170143127,
        "_ctl_g5_val": 0.7788461446762085,
        "_ctl_g6_val": 1.0,
        "_ctl_r0_val": 0.0,
        "_ctl_r1_val": 0.11538461595773697,
        "_ctl_r2_val": 0.3333333432674408,
        "_ctl_r3_val": 0.5,
        "_ctl_r4_val": 0.75,
        "_ctl_r5_val": 0.9519230723381042,
        "_ctl_r6_val": 1.0,
        "backgroundColorB": 0.5,
        "backgroundColorG": 0.5,
        "backgroundColorR": 0.5,
        "bloom_compositeColorB": 0.8379999995231628,
        "bloom_compositeColorG": 0.8379999995231628,
        "bloom_compositeColorR": 1.0,
        "bloom_compositeIntensity": 2.0,
        "bloom_correctionColor": 2.200000047683716,
        "bloom_correctionDepth": 20.0,
        "bloom_correctionFar": 0.0,
        "bloom_correctionFarHi": 1.0,
        "bloom_correctionFarLo": 0.0,
        "bloom_correctionNear": 0.0,
        "bloom_correctionNearHi": 1.0,
        "bloom_correctionNearLo": 0.0,
        "bloom_dispersionHi": 1.0,
        "bloom_dispersionLo": 0.0,
        "bloom_feedback": 0.0,
        "bloom_filterColorHiB": 0.0,
        "bloom_filterColorHiG": 0.0,
        "bloom_filterColorHiR": 0.0,
        "bloom_filterColorLoB": 0.0,
        "bloom_filterColorLoG": 0.0,
        "bloom_filterColorLoR": 0.0,
        "bloom_filterLuminanceHi": 2.0,
        "bloom_filterLuminanceLo": 0.20000000298023224,
        "color_control_a_FloatValue": 0.0,
        "color_control_b_FloatValue": 0.0,
        "color_control_g_FloatValue": 0.0,
        "color_control_r_FloatValue": 0.0,
        "contourBlend": 1.0,
        "contourColorB": 0.0,
        "contourColorG": 0.0,
        "contourColorR": 0.0,
        "exposureAdaptionRange": 0.0,
        "exposureAdaptionSpeed": 1.0,
        "exposureIntensity": 0.0,
        "fogAlpha": 0.10000000149011612,
        "fogColorB": 0.4000000059604645,
        "fogColorG": 0.36239999532699585,
        "fogColorR": 0.17440000176429749,
        "fogDensity": 0.20000000298023224,
        "fogIntensity": 0.20000000298023224,
        "fogScattering": 0.5,
        "gradationContour": 0.30000001192092896,
        "gradationFar": 600.0001831054688,
        "gradationHiB": 0.6306999921798706,
        "gradationHiG": 1.7000000476837158,
        "gradationHiR": 1.5783494710922241,
        "gradationLwB": 0.0,
        "gradationLwG": 0.0,
        "gradationLwR": 0.7250000238418579,
        "gradationMdB": 0.1688397377729416,
        "gradationMdG": 0.19200000166893005,
        "gradationMdR": 0.11616000533103943,
        "gradationNear": 100.0,
        "iblIntensity": 1.0,
        "ssaoIntensity": 1.0,
        "toning": 0.0
    }
}